Dynamical matrix file
File generated with the CellConstructor by Lorenzo Monacelli
1 2 0     1.8897259890000000     0.0000000000000000     0.0000000000000000     0.0000000000000000     0.0000000000000000     0.0000000000000000
Basis vectors
    2.0000000000000000     0.0000000000000000     0.0000000000000000
    0.0000000000000000     2.0000000000000000     0.0000000000000000
    0.0000000000000000     0.0000000000000000     2.0000000000000000
	1  'H '    918.7357960699999921
    1     1     0.0000000000000000     0.0000000000000000     0.0000000000000000
    2     1     1.0000000000000000     0.0000000000000000     0.0000000000000000

     Dynamical Matrix in cartesian axes

     q = (    0.000000000000   0.000000000000   0.000000000000 )

    1    1
     0.5832100786538776     0.0000000000000000        0.0000000000000000     0.0000000000000000        0.0000000000000000     0.0000000000000000
     0.0000000000000000     0.0000000000000000        0.0746715841842669     0.0000000000000000        0.0000000000000000     0.0000000000000000
     0.0000000000000000     0.0000000000000000        0.0000000000000000     0.0000000000000000        0.0746715841842669     0.0000000000000000
    1    2
    -0.5832100786538776     0.0000000000000000        0.0000000000000000     0.0000000000000000        0.0000000000000000     0.0000000000000000
     0.0000000000000000     0.0000000000000000       -0.0746715841842669     0.0000000000000000        0.0000000000000000     0.0000000000000000
     0.0000000000000000     0.0000000000000000        0.0000000000000000     0.0000000000000000       -0.0746715841842669     0.0000000000000000
    2    1
    -0.5832100786538776     0.0000000000000000        0.0000000000000000     0.0000000000000000        0.0000000000000000     0.0000000000000000
     0.0000000000000000     0.0000000000000000       -0.0746715841842669     0.0000000000000000        0.0000000000000000     0.0000000000000000
     0.0000000000000000     0.0000000000000000        0.0000000000000000     0.0000000000000000       -0.0746715841842669     0.0000000000000000
    2    2
     0.5832100786538776     0.0000000000000000        0.0000000000000000     0.0000000000000000        0.0000000000000000     0.0000000000000000
     0.0000000000000000     0.0000000000000000        0.0746715841842670     0.0000000000000000        0.0000000000000000     0.0000000000000000
     0.0000000000000000     0.0000000000000000        0.0000000000000000     0.0000000000000000        0.0746715841842670     0.0000000000000000

     Diagonalizing the dynamical matrix

     q = (    0.000000000000   0.000000000000   0.000000000000 )

***************************************************************************
   freq (    1) =    -0.00000127 [THz] =    -0.00004247 [cm-1]
(  -0.697565  0.000000   0.115772  0.000000   0.000000  0.000000 )
(  -0.697565  0.000000   0.115772  0.000000   0.000000  0.000000 )
   freq (    2) =     0.00000044 [THz] =     0.00001474 [cm-1]
(  -0.115772  0.000000  -0.697565  0.000000   0.000000  0.000000 )
(  -0.115772  0.000000  -0.697565  0.000000   0.000000  0.000000 )
   freq (    3) =     0.00000061 [THz] =     0.00002020 [cm-1]
(   0.000000  0.000000   0.000000  0.000000  -0.707107  0.000000 )
(   0.000000  0.000000   0.000000  0.000000  -0.707107  0.000000 )
   freq (    4) =    41.94426957 [THz] =  1399.11003273 [cm-1]
(  -0.000000  0.000000  -0.707107  0.000000   0.000000  0.000000 )
(  -0.000000  0.000000   0.707107  0.000000   0.000000  0.000000 )
   freq (    5) =    41.94426957 [THz] =  1399.11003273 [cm-1]
(   0.000000  0.000000   0.000000  0.000000  -0.707107  0.000000 )
(   0.000000  0.000000   0.000000  0.000000   0.707107  0.000000 )
   freq (    6) =   117.22155106 [THz] =  3910.08950233 [cm-1]
(   0.707107  0.000000   0.000000  0.000000   0.000000  0.000000 )
(  -0.707107  0.000000   0.000000  0.000000   0.000000  0.000000 )
***************************************************************************
